Webots Project File version R2021a
perspectives: 000000ff00000000fd00000003000000000000032000000808fc0100000002fb0000001e00480074006d006c0052006f0062006f007400570069006e0064006f00770000000000000003200000000000000000fb0000001a0044006f00630075006d0065006e0074006100740069006f006e0000000000ffffffff0000006900ffffff000000010000011c000007c4fc0200000001fb0000001400540065007800740045006400690074006f00720100000015000007c40000004100ffffff0000000300000b3a00000039fc0100000001fb0000001a0043006f006e0073006f006c00650041006c006c0041006c006c010000000000000b3a0000006900ffffff00000a1c000007c400000001000000020000000100000008fc00000000
simulationViewPerspectives: 000000ff00000001000000020000010000000ce20100000002010000000100
sceneTreePerspectives: 000000ff0000000100000002000000c0000000fa0100000002010000000200
maximizedDockId: -1
centralWidgetVisible: 1
orthographicViewHeight: 1
textFiles: -1
consoles: Console:All:All
renderingDevicePerspectives: robot:camera;1;0.551562;0;0
renderingDevicePerspectives: robot:range-finder;1;1.10312;0;0
