Webots Project File version R2022a
perspectives: 000000ff00000000fd00000002000000010000011c00000314fc0200000001fb0000001400540065007800740045006400690074006f00720100000015000003140000004100ffffff000000030000077e000000d9fc0100000001fb0000001a0043006f006e0073006f006c00650041006c006c0041006c006c01000000000000077e0000006900ffffff000006600000031400000001000000020000000100000008fc00000000
simulationViewPerspectives: 000000ff00000001000000020000034c000003120100000002010000000100
sceneTreePerspectives: 000000ff0000000100000002000000c0000000fa0100000002010000000200
maximizedDockId: -1
centralWidgetVisible: 1
orthographicViewHeight: 1
textFiles: -1
consoles: Console:All:All
renderingDevicePerspectives: robot:camera;1;0.285937;0;0
renderingDevicePerspectives: robot:range-finder;1;0.571875;0;0
