Webots Project File version R2022b
perspectives: 000000ff00000000fd0000000200000001000002a700000376fc0200000001fb0000001400540065007800740045006400690074006f00720100000016000003760000008900ffffff000000030000073600000054fc0100000001fb0000001a0043006f006e0073006f006c00650041006c006c0041006c006c0100000000000007360000006900ffffff0000048d0000037600000001000000020000000100000008fc00000000
simulationViewPerspectives: 000000ff000000010000000200000100000005180100000002010000000100
sceneTreePerspectives: 000000ff00000001000000030000001c000000c0000000fa0100000002010000000200
maximizedDockId: -1
centralWidgetVisible: 1
orthographicViewHeight: 1
textFiles: 0 "controllers/rover_controller/rover.py"
consoles: Console:All:All
renderingDevicePerspectives: robot:camera;1;0.327604;0;0
renderingDevicePerspectives: robot:range-finder;1;0.979688;0;0
