Webots Project File version R2022a
perspectives: 000000ff00000000fd00000002000000010000011c000002b6fc0200000001fb0000001400540065007800740045006400690074006f00720100000015000002b60000004100ffffff000000030000077e00000137fc0100000001fb0000001a0043006f006e0073006f006c00650041006c006c0041006c006c01000000000000077e0000006900ffffff00000660000002b600000001000000020000000100000008fc00000000
simulationViewPerspectives: 000000ff00000001000000020000029a000003c40100000002010000000100
sceneTreePerspectives: 000000ff0000000100000002000000c0000000fa0100000002010000000200
maximizedDockId: -1
centralWidgetVisible: 1
orthographicViewHeight: 1
textFiles: -1
consoles: Console:All:All
renderingDevicePerspectives: robot:camera;1;0.205556;0;0
renderingDevicePerspectives: robot:range-finder;0;0.291667;0;0
