Webots Project File version R2022a
perspectives: 000000ff00000000fd0000000200000001000000c4000002d1fc0200000001fb0000001400540065007800740045006400690074006f0072010000001a000002d10000004100ffffff0000000300000780000000d9fc0100000001fb0000001a0043006f006e0073006f006c00650041006c006c0041006c006c0100000000000007800000006900ffffff000006ba000002d100000001000000020000000100000008fc00000000
simulationViewPerspectives: 000000ff000000010000000200000100000005620100000002010000000100
sceneTreePerspectives: 000000ff0000000100000002000001c0000000fa0100000002010000000200
maximizedDockId: -1
centralWidgetVisible: 1
orthographicViewHeight: 1
textFiles: -1
consoles: Console:All:All
renderingDevicePerspectives: robot:camera;1;0.178906;0;0
renderingDevicePerspectives: robot:range-finder;1;0.357812;0;0
