Webots Project File version R2022a
perspectives: 000000ff00000000fd0000000200000001000002760000038dfc0200000001fb0000001400540065007800740045006400690074006f007201000000150000038d0000008700ffffff000000030000078000000039fc0100000001fb0000001a0043006f006e0073006f006c00650041006c006c0041006c006c0100000000000007800000006900ffffff000005080000038d00000001000000020000000100000008fc00000000
simulationViewPerspectives: 000000ff000000010000000200000175000003fc0100000002010000000100
sceneTreePerspectives: 000000ff0000000100000002000000c0000000000100000002010000000200
maximizedDockId: -1
centralWidgetVisible: 1
orthographicViewHeight: 1
textFiles: 1 "controllers/rover_controller/rovecomm.py" "controllers/rover_controller/rover.py" "controllers/rover_controller/rover_controller.py"
consoles: Console:All:All
renderingDevicePerspectives: robot:camera;1;0.189844;0;0
renderingDevicePerspectives: robot:range-finder;1;0.379687;0;0
