Webots Project File version R2021a
perspectives: 000000ff00000000fd0000000300000000000001b5000003d0fc0100000002fb0000001e00480074006d006c0052006f0062006f007400570069006e0064006f00770000000000000001b50000000000000000fb0000001a0044006f00630075006d0065006e0074006100740069006f006e0000000000ffffffff0000006900ffffff0000000100000253000004e3fc0200000001fb0000001400540065007800740045006400690074006f0072010000001a000004e30000008700ffffff0000000300000a0000000039fc0100000001fb0000001a0043006f006e0073006f006c00650041006c006c0041006c006c010000000000000a000000006900ffffff000007ab000004e300000001000000020000000100000008fc00000000
simulationViewPerspectives: 000000ff0000000100000002000001d5000005300100000002010000000100
sceneTreePerspectives: 000000ff0000000100000002000000c0000000fa0100000002010000000200
maximizedDockId: -1
centralWidgetVisible: 1
orthographicViewHeight: 1
textFiles: 1 "controllers/move/move.py" "controllers/move/rover.py"
consoles: Console:All:All
renderingDevicePerspectives: robot:camera;1;0.075;0;0.0513859
renderingDevicePerspectives: robot:range-finder;1;0.15;0;0.133363
