Webots Project File version R2021a
perspectives: 000000ff00000000fd0000000300000000000001b5000003d0fc0100000002fb0000001e00480074006d006c0052006f0062006f007400570069006e0064006f00770000000000000001b50000000000000000fb0000001a0044006f00630075006d0065006e0074006100740069006f006e0000000000ffffffff0000006900ffffff000000010000007700000395fc0200000001fb0000001400540065007800740045006400690074006f00720100000015000003950000008700ffffff000000030000078000000039fc0100000001fb0000001a0043006f006e0073006f006c00650041006c006c0041006c006c0100000000000007800000006900ffffff000007070000039500000001000000020000000100000008fc00000000
simulationViewPerspectives: 000000ff00000001000000020000030b0000067a0100000002010000000100
sceneTreePerspectives: 000000ff0000000100000002000000c0000000fa0100000002010000000200
maximizedDockId: -1
centralWidgetVisible: 1
orthographicViewHeight: 1
textFiles: 0 "controllers/move/move.py"
consoles: Console:All:All
renderingDevicePerspectives: robot:camera;1;0.339063;0.499425;0.0513859
renderingDevicePerspectives: robot:range-finder;1;0.678125;0.499426;0.133363
