Webots Project File version R2021a
perspectives: 000000ff00000000fd0000000300000000000001530000031cfc0100000002fb0000001e00480074006d006c0052006f0062006f007400570069006e0064006f00770100000000000001530000006900fffffffb0000001a0044006f00630075006d0065006e0074006100740069006f006e0000000000ffffffff0000006900ffffff000000010000017c0000022efc0200000002fb0000001400540065007800740045006400690074006f007203fffffe84000005f90000017c0000022efb0000001a0043006f006e0073006f006c00650041006c006c0041006c006c01000004c00000018b000000000000000000000003000004eb000000ecfc0100000001fb0000001a0043006f006e0073006f006c00650041006c006c0041006c006c0100000155000004eb0000006900ffffff000004eb0000022e00000001000000020000000100000008fc00000000
simulationViewPerspectives: 000000ff00000001000000020000017f000004730100000002010000000100
sceneTreePerspectives: 000000ff0000000100000002000000c0000000fa0100000002010000000200
minimizedPerspectives: 000000ff00000000fd00000003000000000000015300000834fc0100000002fb0000001e00480074006d006c0052006f0062006f007400570069006e0064006f00770100000000000001530000006900fffffffb0000001a0044006f00630075006d0065006e0074006100740069006f006e0000000000ffffffff0000006900ffffff0000000100000192000007f9fc0200000001fb0000001400540065007800740045006400690074006f00720100000015000007f90000008700ffffff0000000300000dac00000039fc0100000001fb0000001a0043006f006e0073006f006c00650041006c006c0041006c006c010000015500000dac0000006900ffffff00000c18000007f900000001000000020000000100000008fc00000000
maximizedDockId: -1
centralWidgetVisible: 1
orthographicViewHeight: 1
textFiles: 1 "move.py" "rover.py"
robotWindow: Sojourner
consoles: Console:All:All
renderingDevicePerspectives: Sojourner:camera;1;0.0444444;0;0
renderingDevicePerspectives: Sojourner:range-finder;1;0.0888889;0;0
x3dExport-shadowBias: 0
x3dExport-shadowMapSize: 2048
x3dExport-shadowRadius: 0
